1.12009677636e-05	
5.60048388181e-06	
1.12009677636e-05	
1.12009677636e-05	
1.12009677636e-05	
1.68014516454e-05	
5.60048388181e-06	
1.12009677636e-05	
5.60048388181e-06	
4.48038710545e-05	
5.60048388181e-06	
5.60048388181e-06	
5.60048388181e-06	
5.60048388181e-06	
5.60048388181e-06	
2.8002419409e-05	
1.68014516454e-05	
3.92033871727e-05	
1.12009677636e-05	
5.60048388181e-06	
1.12009677636e-05	
1.68014516454e-05	
5.60048388181e-06	
1.12009677636e-05	
5.60048388181e-06	
0.000100808709873	
5.60048388181e-06	
5.60048388181e-06	
1.12009677636e-05	
5.60048388181e-06	
5.60048388181e-06	
5.60048388181e-06	
1.12009677636e-05	
2.24019355272e-05	
1.12009677636e-05	
5.60048388181e-06	
5.60048388181e-06	
5.60048388181e-06	
3.36029032908e-05	
0.0001232106454	
5.60048388181e-06	
1.68014516454e-05	
5.60048388181e-06	
1.68014516454e-05	
5.60048388181e-06	
9.52082259907e-05	
1.68014516454e-05	
5.60048388181e-06	
1.12009677636e-05	
1.12009677636e-05	
5.60048388181e-06	
1.12009677636e-05	
5.60048388181e-06	
5.60048388181e-06	
5.60048388181e-06	
1.12009677636e-05	
1.68014516454e-05	
1.12009677636e-05	
5.60048388181e-06	
2.24019355272e-05	
2.24019355272e-05	
7.28062904635e-05	
1.12009677636e-05	
2.24019355272e-05	
1.12009677636e-05	
5.60048388181e-06	
5.60048388181e-06	
1.68014516454e-05	
5.60048388181e-06	
5.60048388181e-06	
5.60048388181e-06	
1.12009677636e-05	
5.60048388181e-06	
5.60048388181e-06	
0.000515244517126	
5.60048388181e-06	
1.68014516454e-05	
0.000128811129282	
5.60048388181e-06	
0.00227379645601	
5.60048388181e-06	
0.0001232106454	
5.60048388181e-06	
1.12009677636e-05	
2.8002419409e-05	
2.8002419409e-05	
2.24019355272e-05	
5.60048388181e-06	
0.000106409193754	
5.60048388181e-06	
5.60048388181e-06	
1.12009677636e-05	
5.60048388181e-06	
4.48038710545e-05	
1.12009677636e-05	
8.96077421089e-05	
1.12009677636e-05	
0.00140572145433	
5.60048388181e-06	
5.04043549363e-05	
5.60048388181e-06	
1.12009677636e-05	
0.000683259033581	
2.8002419409e-05	
5.60048388181e-06	
1.12009677636e-05	
5.60048388181e-06	
5.60048388181e-06	
5.60048388181e-06	
5.60048388181e-06	
5.60048388181e-06	
1.12009677636e-05	
5.60048388181e-06	
7.28062904635e-05	
5.60048388181e-06	
5.60048388181e-06	
5.60048388181e-06	
5.60048388181e-06	
1.12009677636e-05	
4.48038710545e-05	
5.60048388181e-06	
4.48038710545e-05	
2.24019355272e-05	
5.60048388181e-06	
5.60048388181e-06	
8.40072582271e-05	
1.12009677636e-05	
1.12009677636e-05	
0.00142252290598	
5.60048388181e-06	
1.12009677636e-05	
1.68014516454e-05	
5.60048388181e-06	
1.12009677636e-05	
5.60048388181e-06	
5.60048388181e-06	
1.68014516454e-05	
5.60048388181e-06	
5.60048388181e-06	
5.60048388181e-06	
5.60048388181e-05	
1.68014516454e-05	
5.60048388181e-06	
5.60048388181e-06	
5.60048388181e-06	
5.60048388181e-06	
3.36029032908e-05	
5.60048388181e-06	
7.84067743453e-05	
4.48038710545e-05	
1.12009677636e-05	
5.60048388181e-06	
0.000117610161518	
1.68014516454e-05	
3.92033871727e-05	
5.60048388181e-06	
1.12009677636e-05	
1.68014516454e-05	
0.000173615000336	
0.00133851564775	
2.8002419409e-05	
1.12009677636e-05	
1.12009677636e-05	
1.12009677636e-05	
1.12009677636e-05	
1.12009677636e-05	
5.60048388181e-06	
5.60048388181e-06	
5.60048388181e-06	
5.60048388181e-06	
5.60048388181e-06	
5.60048388181e-06	
1.12009677636e-05	
5.60048388181e-06	
5.60048388181e-06	
5.60048388181e-06	
7.28062904635e-05	
5.60048388181e-06	
7.28062904635e-05	
0.00200497322969	
1.68014516454e-05	
1.68014516454e-05	
2.24019355272e-05	
5.60048388181e-06	
0.000151213064809	
5.60048388181e-06	
5.60048388181e-06	
1.12009677636e-05	
1.12009677636e-05	
5.60048388181e-06	
0.00124330742176	
5.60048388181e-06	
5.60048388181e-06	
3.36029032908e-05	
1.12009677636e-05	
2.24019355272e-05	
1.12009677636e-05	
5.60048388181e-06	
5.60048388181e-06	
5.60048388181e-06	
1.12009677636e-05	
5.60048388181e-06	
1.12009677636e-05	
2.8002419409e-05	
9.52082259907e-05	
5.60048388181e-06	
3.36029032908e-05	
1.12009677636e-05	
1.68014516454e-05	
5.60048388181e-06	
5.60048388181e-06	
5.60048388181e-06	
5.60048388181e-06	
5.60048388181e-06	
1.12009677636e-05	
1.68014516454e-05	
5.60048388181e-06	
5.60048388181e-06	
2.24019355272e-05	
1.12009677636e-05	
5.60048388181e-06	
0.000795268711217	
0.0114305876028	
5.60048388181e-06	
5.60048388181e-06	
5.60048388181e-06	
5.60048388181e-06	
5.60048388181e-06	
5.60048388181e-06	
5.60048388181e-06	
5.60048388181e-06	
2.24019355272e-05	
3.36029032908e-05	
3.92033871727e-05	
5.60048388181e-06	
1.68014516454e-05	
5.60048388181e-06	
5.60048388181e-06	
5.60048388181e-06	
0.00028002419409	
5.60048388181e-06	
2.24019355272e-05	
5.60048388181e-06	
0.00165214274513	
1.68014516454e-05	
5.60048388181e-06	
5.60048388181e-06	
5.60048388181e-06	
5.60048388181e-06	
1.12009677636e-05	
5.60048388181e-06	
1.12009677636e-05	
1.68014516454e-05	
5.60048388181e-06	
5.60048388181e-06	
5.60048388181e-06	
5.60048388181e-06	
5.60048388181e-06	
5.60048388181e-05	
5.60048388181e-06	
0.000548847420417	
5.60048388181e-06	
1.12009677636e-05	
5.60048388181e-06	
5.60048388181e-06	
5.60048388181e-06	
1.12009677636e-05	
1.12009677636e-05	
5.60048388181e-06	
1.12009677636e-05	
5.60048388181e-06	
5.60048388181e-06	
2.24019355272e-05	
1.12009677636e-05	
1.68014516454e-05	
3.36029032908e-05	
1.12009677636e-05	
5.60048388181e-06	
1.12009677636e-05	
1.12009677636e-05	
1.68014516454e-05	
1.12009677636e-05	
5.60048388181e-06	
2.8002419409e-05	
5.60048388181e-06	
5.60048388181e-06	
5.60048388181e-06	
6.16053226999e-05	
0.00147292726092	
3.92033871727e-05	
5.60048388181e-06	
1.12009677636e-05	
1.12009677636e-05	
0.000190416451981	
2.24019355272e-05	
9.52082259907e-05	
5.60048388181e-06	
5.60048388181e-06	
5.60048388181e-06	
5.60048388181e-06	
1.68014516454e-05	
5.60048388181e-06	
3.36029032908e-05	
5.60048388181e-06	
2.24019355272e-05	
0.000168014516454	
3.92033871727e-05	
5.60048388181e-06	
5.60048388181e-06	
5.60048388181e-06	
1.12009677636e-05	
5.60048388181e-06	
5.60048388181e-06	
1.12009677636e-05	
5.60048388181e-06	
1.12009677636e-05	
5.60048388181e-06	
5.60048388181e-06	
5.60048388181e-06	
1.12009677636e-05	
5.60048388181e-06	
1.12009677636e-05	
5.60048388181e-06	
5.60048388181e-06	
1.12009677636e-05	
1.12009677636e-05	
1.12009677636e-05	
5.60048388181e-06	
5.60048388181e-06	
5.60048388181e-06	
5.60048388181e-06	
5.60048388181e-06	
5.60048388181e-06	
5.60048388181e-06	
0.00147292726092	
3.36029032908e-05	
1.12009677636e-05	
5.60048388181e-06	
1.12009677636e-05	
5.60048388181e-06	
1.12009677636e-05	
5.60048388181e-06	
5.60048388181e-06	
5.60048388181e-06	
1.12009677636e-05	
1.12009677636e-05	
5.60048388181e-06	
4.48038710545e-05	
5.60048388181e-06	
5.60048388181e-06	
5.60048388181e-06	
5.60048388181e-06	
7.28062904635e-05	
1.12009677636e-05	
1.12009677636e-05	
1.12009677636e-05	
5.60048388181e-06	
2.8002419409e-05	
5.60048388181e-06	
1.12009677636e-05	
5.60048388181e-05	
5.60048388181e-06	
5.60048388181e-06	
5.60048388181e-06	
1.12009677636e-05	
5.60048388181e-06	
2.8002419409e-05	
5.60048388181e-06	
5.60048388181e-06	
1.12009677636e-05	
1.12009677636e-05	
2.24019355272e-05	
1.68014516454e-05	
5.60048388181e-06	
5.60048388181e-06	
2.8002419409e-05	
5.60048388181e-06	
5.60048388181e-06	
1.68014516454e-05	
3.92033871727e-05	
1.12009677636e-05	
5.60048388181e-06	
1.68014516454e-05	
5.60048388181e-06	
5.60048388181e-06	
5.60048388181e-06	
5.60048388181e-06	
5.60048388181e-06	
0.000565648872063	
5.60048388181e-06	
0.00179775532606	
5.60048388181e-06	
1.12009677636e-05	
5.60048388181e-06	
1.68014516454e-05	
5.60048388181e-06	
5.60048388181e-06	
5.60048388181e-06	
1.68014516454e-05	
5.60048388181e-06	
2.8002419409e-05	
2.24019355272e-05	
5.60048388181e-06	
5.60048388181e-06	
2.8002419409e-05	
5.60048388181e-06	
5.60048388181e-06	
1.12009677636e-05	
5.60048388181e-06	
1.68014516454e-05	
0.000145612580927	
0.000128811129282	
0.0001232106454	
1.12009677636e-05	
5.60048388181e-06	
5.04043549363e-05	
1.12009677636e-05	
0.000128811129282	
1.12009677636e-05	
5.60048388181e-06	
2.24019355272e-05	
1.68014516454e-05	
5.60048388181e-06	
1.12009677636e-05	
5.60048388181e-06	
0.000162414032572	
1.68014516454e-05	
1.12009677636e-05	
5.60048388181e-06	
5.60048388181e-06	
5.60048388181e-06	
5.60048388181e-06	
1.12009677636e-05	
5.60048388181e-06	
1.68014516454e-05	
5.60048388181e-06	
1.12009677636e-05	
4.48038710545e-05	
5.60048388181e-06	
5.60048388181e-06	
6.72058065817e-05	
0.000677658549699	
5.60048388181e-06	
5.60048388181e-06	
1.12009677636e-05	
7.28062904635e-05	
5.60048388181e-06	
0.000856874033917	
5.60048388181e-06	
3.36029032908e-05	
5.60048388181e-05	
5.60048388181e-06	
1.12009677636e-05	
1.12009677636e-05	
1.12009677636e-05	
2.24019355272e-05	
2.24019355272e-05	
1.68014516454e-05	
5.60048388181e-06	
4.48038710545e-05	
0.000134411613163	
1.68014516454e-05	
5.60048388181e-06	
1.12009677636e-05	
5.60048388181e-06	
0.000347230000672	
0.00164094177737	
1.12009677636e-05	
1.12009677636e-05	
5.60048388181e-06	
5.60048388181e-06	
1.12009677636e-05	
1.12009677636e-05	
0.000448038710545	
5.60048388181e-06	
5.60048388181e-06	
5.60048388181e-06	
5.60048388181e-06	
1.12009677636e-05	
5.60048388181e-06	
0.00190416451981	
0.000375232420081	
8.96077421089e-05	
1.68014516454e-05	
5.60048388181e-06	
5.60048388181e-06	
2.8002419409e-05	
1.12009677636e-05	
5.60048388181e-06	
5.60048388181e-06	
5.60048388181e-06	
5.60048388181e-06	
2.24019355272e-05	
1.12009677636e-05	
5.60048388181e-06	
5.60048388181e-06	
1.12009677636e-05	
1.12009677636e-05	
5.60048388181e-06	
5.60048388181e-06	
1.12009677636e-05	
0.000112009677636	
5.60048388181e-06	
1.12009677636e-05	
5.60048388181e-06	
5.60048388181e-06	
6.72058065817e-05	
1.68014516454e-05	
5.60048388181e-06	
5.60048388181e-06	
5.60048388181e-06	
1.12009677636e-05	
5.60048388181e-06	
5.60048388181e-06	
5.60048388181e-06	
0.000212818387509	
1.12009677636e-05	
1.68014516454e-05	
5.60048388181e-06	
5.60048388181e-06	
5.60048388181e-06	
1.68014516454e-05	
5.60048388181e-06	
5.60048388181e-06	
5.60048388181e-06	
3.92033871727e-05	
5.60048388181e-06	
1.68014516454e-05	
1.12009677636e-05	
2.8002419409e-05	
5.60048388181e-06	
1.12009677636e-05	
5.60048388181e-06	
5.60048388181e-06	
3.36029032908e-05	
5.60048388181e-06	
1.12009677636e-05	
1.68014516454e-05	
1.12009677636e-05	
5.60048388181e-06	
1.68014516454e-05	
6.72058065817e-05	
5.60048388181e-06	
2.8002419409e-05	
7.84067743453e-05	
5.60048388181e-06	
1.12009677636e-05	
1.68014516454e-05	
1.68014516454e-05	
5.60048388181e-06	
5.60048388181e-06	
4.48038710545e-05	
2.8002419409e-05	
1.68014516454e-05	
5.60048388181e-06	
5.60048388181e-06	
5.60048388181e-06	
5.60048388181e-06	
5.60048388181e-06	
1.12009677636e-05	
5.60048388181e-06	
1.12009677636e-05	
5.60048388181e-06	
5.60048388181e-06	
1.68014516454e-05	
5.60048388181e-06	
1.12009677636e-05	
1.68014516454e-05	
1.12009677636e-05	
5.60048388181e-06	
1.12009677636e-05	
5.60048388181e-06	
5.60048388181e-06	
5.60048388181e-06	
2.24019355272e-05	
5.60048388181e-06	
1.12009677636e-05	
3.92033871727e-05	
5.60048388181e-06	
5.60048388181e-06	
5.60048388181e-06	
1.12009677636e-05	
1.68014516454e-05	
1.12009677636e-05	
4.48038710545e-05	
1.68014516454e-05	
8.40072582271e-05	
5.60048388181e-06	
5.60048388181e-06	
5.60048388181e-06	
0.00052644548489	
1.12009677636e-05	
5.60048388181e-06	
2.8002419409e-05	
1.68014516454e-05	
5.60048388181e-06	
5.60048388181e-06	
5.60048388181e-06	
5.60048388181e-06	
1.12009677636e-05	
5.60048388181e-06	
0.0177815363247	
1.12009677636e-05	
5.60048388181e-06	
0.932346154708	
5.60048388181e-06	
5.60048388181e-06	
5.60048388181e-06	
1.68014516454e-05	
5.60048388181e-06	
5.60048388181e-06	
5.60048388181e-06	
8.96077421089e-05	
5.60048388181e-06	
2.8002419409e-05	
1.12009677636e-05	
1.12009677636e-05	
5.60048388181e-06	
5.60048388181e-06	
5.60048388181e-06	
5.60048388181e-06	
5.60048388181e-06	
5.60048388181e-06	
1.12009677636e-05	
5.60048388181e-06	
2.8002419409e-05	
5.60048388181e-06	
5.60048388181e-06	
5.60048388181e-06	
5.60048388181e-06	
0.000112009677636	
5.60048388181e-06	
5.60048388181e-06	
5.60048388181e-06	
5.60048388181e-06	
1.12009677636e-05	
5.60048388181e-06	
0.000106409193754	
5.60048388181e-06	
5.60048388181e-06	
5.60048388181e-06	
5.60048388181e-06	
5.60048388181e-06	
5.60048388181e-06	
2.24019355272e-05	
5.60048388181e-06	
3.36029032908e-05	
0.00316427339322	
6.16053226999e-05	
1.68014516454e-05	
2.24019355272e-05	
5.60048388181e-06	
5.60048388181e-06	
5.60048388181e-06	
4.48038710545e-05	
5.60048388181e-06	
5.60048388181e-06	
5.60048388181e-06	
1.12009677636e-05	
2.24019355272e-05	
3.92033871727e-05	
5.60048388181e-06	
5.60048388181e-06	
1.68014516454e-05	
5.60048388181e-06	
5.60048388181e-06	
1.12009677636e-05	
5.60048388181e-06	
5.60048388181e-06	
5.60048388181e-06	
5.04043549363e-05	
5.60048388181e-06	
5.60048388181e-06	
1.12009677636e-05	
5.60048388181e-06	
5.60048388181e-06	
5.60048388181e-06	
1.12009677636e-05	
2.24019355272e-05	
5.60048388181e-06	
1.68014516454e-05	
1.12009677636e-05	
2.24019355272e-05	
5.60048388181e-06	
1.12009677636e-05	
5.60048388181e-06	
5.60048388181e-06	
5.60048388181e-06	
5.60048388181e-06	
2.8002419409e-05	
5.60048388181e-05	
5.60048388181e-06	
0.000168014516454	
4.48038710545e-05	
5.60048388181e-06	
5.60048388181e-06	
5.60048388181e-06	
5.60048388181e-06	
5.60048388181e-06	
2.8002419409e-05	
0.000235220323036	
1.12009677636e-05	
1.68014516454e-05	
3.92033871727e-05	
1.12009677636e-05	
5.60048388181e-06	
1.12009677636e-05	
5.60048388181e-06	
1.12009677636e-05	
5.60048388181e-06	
1.12009677636e-05	
4.48038710545e-05	
2.24019355272e-05	
0.000487242097717	
1.12009677636e-05	
5.60048388181e-06	
5.60048388181e-06	
5.60048388181e-06	
0.000156813548691	
5.60048388181e-06	
8.40072582271e-05	
1.68014516454e-05	
1.68014516454e-05	
5.60048388181e-06	
5.60048388181e-06	
3.36029032908e-05	
5.60048388181e-06	
2.24019355272e-05	
5.60048388181e-06	
5.60048388181e-06	
5.60048388181e-06	
5.60048388181e-06	
5.60048388181e-06	
2.8002419409e-05	
5.60048388181e-06	
5.60048388181e-06	
3.36029032908e-05	
5.60048388181e-06	
5.60048388181e-06	
8.40072582271e-05	
5.60048388181e-06	
5.60048388181e-06	
5.60048388181e-06	
3.92033871727e-05	
1.12009677636e-05	
5.60048388181e-06	
2.8002419409e-05	
5.60048388181e-06	
5.60048388181e-06	
1.12009677636e-05	
5.60048388181e-06	
5.60048388181e-06	
5.60048388181e-06	
5.60048388181e-06	
0.000112009677636	
0.00100808709873	
5.60048388181e-06	
1.12009677636e-05	
5.60048388181e-06	
1.12009677636e-05	
5.60048388181e-06	
0.000100808709873	
1.12009677636e-05	
1.12009677636e-05	
3.92033871727e-05	
1.68014516454e-05	
5.60048388181e-06	
1.68014516454e-05	
5.60048388181e-06	
5.04043549363e-05	
5.60048388181e-06	
5.60048388181e-06	
1.12009677636e-05	
5.60048388181e-06	
5.60048388181e-06	
1.12009677636e-05	
5.60048388181e-06	
2.8002419409e-05	
5.60048388181e-06	
5.60048388181e-06	
1.68014516454e-05	
2.24019355272e-05	
5.60048388181e-06	
5.60048388181e-06	
5.60048388181e-06	
5.60048388181e-06	
1.68014516454e-05	
1.12009677636e-05	
1.68014516454e-05	
1.12009677636e-05	
5.60048388181e-06	
1.68014516454e-05	
2.8002419409e-05	
5.04043549363e-05	
5.60048388181e-06	
5.60048388181e-06	
1.12009677636e-05	
