2.20775894805e-05	
8.83103579219e-06	
0.00175737612265	
4.41551789609e-06	
4.41551789609e-06	
4.41551789609e-06	
4.41551789609e-06	
8.83103579219e-06	
0.000225191412701	
8.83103579219e-06	
4.41551789609e-06	
4.41551789609e-06	
3.09086252727e-05	
4.41551789609e-06	
0.00641574750302	
0.000211944859013	
1.76620715844e-05	
8.83103579219e-06	
1.76620715844e-05	
4.41551789609e-06	
0.00136881054779	
0.00116128120667	
4.41551789609e-06	
6.18172505453e-05	
4.41551789609e-06	
1.32465536883e-05	
1.76620715844e-05	
1.32465536883e-05	
0.00849987194998	
8.83103579219e-06	
2.20775894805e-05	
4.41551789609e-06	
7.50638042336e-05	
4.41551789609e-06	
0.00658795270097	
4.41551789609e-06	
0.000869857025531	
0.00126725363618	
2.64931073766e-05	
0.000357656949584	
4.41551789609e-06	
4.41551789609e-06	
0.000353241431688	
4.41551789609e-06	
4.41551789609e-06	
4.41551789609e-06	
1.32465536883e-05	
4.41551789609e-06	
4.41551789609e-06	
0.00559004565646	
4.41551789609e-06	
2.20775894805e-05	
0.0119174828016	
3.97396610648e-05	
4.41551789609e-06	
8.83103579219e-06	
4.41551789609e-06	
4.41551789609e-06	
0.000953751865556	
0.000401812128545	
4.41551789609e-06	
1.32465536883e-05	
0.00378851435485	
8.83103579219e-06	
2.20775894805e-05	
0.000110387947402	
0.000741807006544	
4.41551789609e-06	
2.20775894805e-05	
0.000750638042336	
0.00155867781732	
4.41551789609e-06	
7.94793221297e-05	
0.0201921633388	
4.8570696857e-05	
2.20775894805e-05	
0.0114891775656	
4.41551789609e-06	
8.83103579219e-06	
4.41551789609e-06	
0.000123634501091	
1.76620715844e-05	
0.00199581408903	
0.000587263880181	
0.000830117364466	
4.41551789609e-06	
4.41551789609e-06	
0.000609341469661	
4.41551789609e-06	
0.00180153130161	
8.83103579219e-06	
4.41551789609e-06	
0.000264931073766	
4.41551789609e-06	
8.83103579219e-06	
4.41551789609e-06	
0.0011303725814	
4.41551789609e-06	
0.000331163842207	
9.2725875818e-05	
0.000856610471842	
0.012919805364	
4.41551789609e-06	
4.8570696857e-05	
8.83103579219e-06	
0.00111712602771	
4.8570696857e-05	
4.41551789609e-06	
1.32465536883e-05	
4.41551789609e-06	
4.41551789609e-06	
1.32465536883e-05	
0.00199139857114	
1.32465536883e-05	
0.00159841747839	
0.000843363918154	
0.000225191412701	
4.41551789609e-06	
4.41551789609e-06	
1.32465536883e-05	
4.41551789609e-06	
0.00191191924901	
4.41551789609e-06	
0.000331163842207	
0.000331163842207	
0.000856610471842	
0.0014703674594	
0.000936089793972	
0.000697651827583	
2.20775894805e-05	
1.32465536883e-05	
4.41551789609e-06	
4.41551789609e-06	
0.00128050018987	
8.83103579219e-06	
3.53241431688e-05	
4.41551789609e-05	
4.41551789609e-06	
7.94793221297e-05	
5.29862147531e-05	
4.41551789609e-06	
4.41551789609e-06	
0.000640250094934	
1.32465536883e-05	
0.000220775894805	
0.00267580384503	
4.41551789609e-06	
3.09086252727e-05	
3.97396610648e-05	
0.000335579360103	
0.00114803465298	
4.41551789609e-06	
0.000172205197948	
0.00020311382322	
0.000966998419245	
4.41551789609e-06	
1.32465536883e-05	
4.41551789609e-06	
0.000229606930597	
4.41551789609e-06	
4.8570696857e-05	
4.41551789609e-06	
4.41551789609e-06	
4.41551789609e-06	
4.41551789609e-06	
0.000755053560232	
4.41551789609e-06	
4.41551789609e-06	
0.00336904015472	
8.83103579219e-06	
4.41551789609e-06	
4.41551789609e-06	
0.000154543126363	
0.000600510433869	
8.83103579219e-06	
4.41551789609e-06	
8.83103579219e-06	
0.000830117364466	
1.76620715844e-05	
3.97396610648e-05	
8.83103579219e-06	
8.83103579219e-06	
0.000145712090571	
7.50638042336e-05	
4.41551789609e-06	
4.41551789609e-06	
4.41551789609e-06	
1.32465536883e-05	
8.83103579219e-06	
4.41551789609e-06	
4.41551789609e-06	
8.83103579219e-06	
8.83103579219e-06	
4.41551789609e-06	
0.000750638042336	
8.83103579219e-06	
8.83103579219e-06	
6.18172505453e-05	
0.000141296572675	
4.41551789609e-06	
8.83103579219e-06	
4.8570696857e-05	
4.41551789609e-06	
4.41551789609e-06	
1.76620715844e-05	
0.00139971917306	
4.41551789609e-06	
1.32465536883e-05	
0.000353241431688	
1.32465536883e-05	
4.41551789609e-06	
8.83103579219e-06	
0.000574017326492	
5.29862147531e-05	
4.41551789609e-06	
0.000256100037973	
4.41551789609e-06	
4.41551789609e-06	
2.20775894805e-05	
8.38948400258e-05	
4.41551789609e-06	
4.41551789609e-06	
0.00162049506787	
4.41551789609e-06	
0.00687054584632	
8.83103579219e-06	
4.41551789609e-06	
0.000578432844388	
4.41551789609e-06	
1.76620715844e-05	
0.000234022448493	
8.38948400258e-05	
4.41551789609e-05	
0.0147610763266	
0.000688820791791	
0.00948453244081	
4.8570696857e-05	
3.09086252727e-05	
4.41551789609e-06	
4.41551789609e-06	
0.000560770772804	
0.00122309845722	
1.32465536883e-05	
2.64931073766e-05	
4.41551789609e-06	
8.83103579219e-06	
4.41551789609e-06	
4.41551789609e-06	
0.00710898381271	
0.000551939737012	
0.00128050018987	
0.000914012204491	
0.000136881054779	
8.83103579219e-05	
1.76620715844e-05	
0.00414617130443	
0.0205718978779	
4.41551789609e-05	
6.18172505453e-05	
1.32465536883e-05	
2.20775894805e-05	
4.41551789609e-05	
0.000437136271713	
6.62327684414e-05	
4.41551789609e-06	
1.76620715844e-05	
1.76620715844e-05	
4.8570696857e-05	
7.06482863375e-05	
0.0129992846861	
8.83103579219e-06	
6.18172505453e-05	
6.18172505453e-05	
4.41551789609e-06	
8.83103579219e-06	
7.50638042336e-05	
4.41551789609e-06	
0.00122309845722	
0.000114803465298	
7.06482863375e-05	
0.0240292483905	
4.41551789609e-05	
0.000287008663246	
8.83103579219e-06	
2.20775894805e-05	
0.00574458878282	
4.41551789609e-05	
0.00243736587864	
8.83103579219e-06	
4.41551789609e-06	
0.00066674320231	
1.32465536883e-05	
7.50638042336e-05	
1.32465536883e-05	
4.41551789609e-06	
4.41551789609e-06	
0.000278177627454	
0.000185451751636	
1.76620715844e-05	
3.97396610648e-05	
0.00244178139654	
4.41551789609e-06	
1.32465536883e-05	
1.32465536883e-05	
0.000119218983195	
4.41551789609e-06	
1.76620715844e-05	
8.83103579219e-06	
8.83103579219e-06	
4.41551789609e-06	
3.53241431688e-05	
1.32465536883e-05	
0.00010155691161	
0.000604925951765	
4.41551789609e-06	
2.20775894805e-05	
4.41551789609e-06	
4.41551789609e-06	
0.00262723314818	
4.41551789609e-06	
0.00154543126363	
2.64931073766e-05	
8.83103579219e-06	
1.76620715844e-05	
3.97396610648e-05	
4.41551789609e-06	
1.76620715844e-05	
0.000194282787428	
5.29862147531e-05	
4.41551789609e-06	
4.41551789609e-06	
0.00136881054779	
1.32465536883e-05	
1.76620715844e-05	
1.32465536883e-05	
0.00464512482669	
4.41551789609e-06	
0.00168672783631	
4.41551789609e-06	
0.000326748324311	
4.41551789609e-06	
4.41551789609e-06	
4.41551789609e-06	
0.000702067345479	
8.83103579219e-06	
4.41551789609e-06	
1.32465536883e-05	
4.41551789609e-06	
3.53241431688e-05	
0.0135379778694	
1.32465536883e-05	
4.41551789609e-06	
0.000560770772804	
0.00105530877717	
4.41551789609e-06	
3.97396610648e-05	
3.09086252727e-05	
1.76620715844e-05	
4.41551789609e-06	
4.41551789609e-06	
1.32465536883e-05	
0.00246827450392	
4.41551789609e-06	
0.000119218983195	
8.83103579219e-06	
5.29862147531e-05	
4.41551789609e-06	
0.00132023985093	
8.83103579219e-06	
5.74017326492e-05	
2.64931073766e-05	
0.00646873371778	
4.41551789609e-06	
1.76620715844e-05	
2.64931073766e-05	
9.2725875818e-05	
0.000353241431688	
0.000512200075947	
4.41551789609e-06	
8.83103579219e-06	
1.32465536883e-05	
4.41551789609e-06	
0.00130699329724	
4.41551789609e-06	
4.41551789609e-06	
0.00131582433304	
5.29862147531e-05	
0.000194282787428	
0.000114803465298	
0.0547435908758	
4.41551789609e-06	
1.76620715844e-05	
4.41551789609e-06	
4.41551789609e-06	
8.83103579219e-06	
3.09086252727e-05	
4.41551789609e-06	
0.0014747829773	
1.76620715844e-05	
2.64931073766e-05	
6.18172505453e-05	
0.000476875932778	
0.000406227646441	
0.000494538004363	
0.00064466561283	
0.000688820791791	
8.83103579219e-06	
1.32465536883e-05	
8.83103579219e-06	
0.000401812128545	
8.83103579219e-06	
0.000309086252727	
4.41551789609e-06	
0.000207529341116	
4.41551789609e-06	
9.71413937141e-05	
4.41551789609e-06	
8.83103579219e-06	
4.41551789609e-06	
0.000490122486466	
4.41551789609e-06	
0.00132907088672	
3.97396610648e-05	
4.41551789609e-06	
2.64931073766e-05	
4.41551789609e-06	
8.83103579219e-06	
8.83103579219e-06	
1.32465536883e-05	
8.83103579219e-05	
8.83103579219e-06	
2.64931073766e-05	
1.76620715844e-05	
0.00026051555587	
4.41551789609e-06	
1.32465536883e-05	
4.8570696857e-05	
8.83103579219e-06	
4.41551789609e-06	
8.83103579219e-06	
4.41551789609e-06	
0.000211944859013	
4.41551789609e-06	
8.83103579219e-06	
0.00230931585966	
1.32465536883e-05	
9.71413937141e-05	
0.00362955571059	
2.20775894805e-05	
4.41551789609e-06	
1.76620715844e-05	
4.41551789609e-06	
8.83103579219e-06	
4.41551789609e-06	
0.000428305235921	
1.76620715844e-05	
8.83103579219e-06	
0.000132465536883	
0.00157192437101	
8.83103579219e-06	
4.41551789609e-06	
4.41551789609e-06	
0.000975829455037	
9.71413937141e-05	
0.000105972429506	
8.83103579219e-06	
3.97396610648e-05	
0.00132907088672	
4.41551789609e-06	
0.000574017326492	
8.83103579219e-06	
0.000141296572675	
4.41551789609e-06	
0.00117894327826	
0.000494538004363	
0.000693236309687	
4.41551789609e-06	
1.32465536883e-05	
8.83103579219e-06	
0.00131582433304	
0.00103764670558	
8.83103579219e-06	
0.000635834577038	
4.41551789609e-06	
0.00010155691161	
0.00161607954997	
0.00507784558051	
2.20775894805e-05	
1.32465536883e-05	
0.000618172505453	
0.000688820791791	
2.20775894805e-05	
1.76620715844e-05	
8.83103579219e-06	
4.41551789609e-06	
8.83103579219e-06	
0.000503369040155	
4.41551789609e-06	
8.83103579219e-06	
4.41551789609e-06	
4.41551789609e-06	
8.83103579219e-06	
1.32465536883e-05	
2.64931073766e-05	
0.000755053560232	
8.83103579219e-06	
9.2725875818e-05	
4.41551789609e-06	
4.41551789609e-06	
0.00156309333522	
8.83103579219e-06	
5.74017326492e-05	
4.41551789609e-06	
0.00626561989456	
4.41551789609e-06	
0.0112993102961	
2.64931073766e-05	
3.09086252727e-05	
4.8570696857e-05	
0.00129816226145	
4.41551789609e-06	
5.29862147531e-05	
4.41551789609e-06	
3.09086252727e-05	
0.000419474200129	
1.32465536883e-05	
4.41551789609e-06	
0.0047466817383	
0.000874272543427	
0.00687054584632	
4.41551789609e-06	
3.97396610648e-05	
8.83103579219e-06	
3.09086252727e-05	
0.00510875420578	
0.00018103623374	
4.41551789609e-06	
1.32465536883e-05	
4.41551789609e-06	
4.41551789609e-06	
4.41551789609e-06	
1.76620715844e-05	
8.83103579219e-06	
4.41551789609e-06	
0.00139088813727	
0.001359979512	
0.0016911433542	
4.8570696857e-05	
1.32465536883e-05	
8.38948400258e-05	
2.20775894805e-05	
2.64931073766e-05	
0.000896350132907	
4.41551789609e-06	
0.000472460414882	
8.83103579219e-06	
4.41551789609e-06	
4.41551789609e-06	
0.000251684520077	
0.000516615593843	
0.00211944859013	
1.32465536883e-05	
0.00141296572675	
8.83103579219e-06	
0.00149244504888	
0.00213269514381	
4.41551789609e-06	
4.41551789609e-06	
1.76620715844e-05	
1.76620715844e-05	
4.41551789609e-06	
4.41551789609e-06	
0.000428305235921	
0.000154543126363	
8.83103579219e-06	
8.83103579219e-06	
0.000229606930597	
4.41551789609e-06	
1.32465536883e-05	
7.06482863375e-05	
4.41551789609e-06	
2.20775894805e-05	
8.83103579219e-06	
1.32465536883e-05	
0.00234022448493	
8.83103579219e-06	
4.41551789609e-06	
8.83103579219e-06	
4.41551789609e-06	
4.41551789609e-06	
0.000649081130726	
4.41551789609e-06	
8.83103579219e-06	
0.000194282787428	
7.06482863375e-05	
4.41551789609e-06	
0.000675574238102	
6.62327684414e-05	
4.41551789609e-06	
0.000547524219116	
8.83103579219e-06	
0.00111271050982	
0.00179270026581	
4.41551789609e-06	
4.41551789609e-06	
0.00528537492162	
0.000569601808596	
0.000940505311868	
2.64931073766e-05	
0.00202672271431	
0.000401812128545	
0.000918427722388	
8.83103579219e-06	
0.000185451751636	
0.000216360376909	
8.83103579219e-06	
8.83103579219e-06	
1.76620715844e-05	
0.000176620715844	
0.000251684520077	
0.000128050018987	
0.000415058682233	
2.20775894805e-05	
4.41551789609e-05	
0.00123634501091	
4.41551789609e-06	
4.41551789609e-06	
3.53241431688e-05	
4.41551789609e-06	
0.00202230719641	
4.41551789609e-06	
0.00458330757615	
1.32465536883e-05	
0.000322332806415	
8.83103579219e-06	
1.76620715844e-05	
0.000207529341116	
7.94793221297e-05	
8.83103579219e-06	
0.00084777943605	
4.41551789609e-06	
4.41551789609e-06	
4.41551789609e-05	
4.41551789609e-06	
1.32465536883e-05	
4.41551789609e-06	
8.83103579219e-06	
4.41551789609e-06	
4.41551789609e-06	
0.000675574238102	
1.32465536883e-05	
4.41551789609e-06	
0.000534277665427	
8.38948400258e-05	
0.000401812128545	
0.00717521658115	
0.000591679398077	
4.41551789609e-06	
0.00208853996485	
1.32465536883e-05	
4.41551789609e-06	
0.00459213861194	
9.71413937141e-05	
0.000167789680052	
4.41551789609e-06	
2.20775894805e-05	
8.83103579219e-06	
0.00170880542579	
4.41551789609e-06	
9.2725875818e-05	
4.41551789609e-06	
8.83103579219e-06	
0.00202672271431	
4.41551789609e-06	
4.41551789609e-06	
4.41551789609e-06	
1.32465536883e-05	
2.64931073766e-05	
0.00149244504888	
4.41551789609e-06	
0.00482616106043	
4.41551789609e-06	
8.83103579219e-06	
0.000256100037973	
0.000207529341116	
4.41551789609e-06	
0.000428305235921	
0.00131140881514	
8.38948400258e-05	
0.000777131149713	
4.41551789609e-06	
4.41551789609e-06	
4.41551789609e-06	
4.41551789609e-06	
4.41551789609e-06	
5.74017326492e-05	
0.0104382843064	
7.06482863375e-05	
4.41551789609e-06	
0.000110387947402	
4.41551789609e-06	
0.000110387947402	
4.41551789609e-06	
2.64931073766e-05	
8.83103579219e-06	
0.00116128120667	
4.41551789609e-06	
0.00120102086774	
1.32465536883e-05	
2.20775894805e-05	
0.000194282787428	
8.83103579219e-06	
8.83103579219e-06	
4.8570696857e-05	
0.000176620715844	
4.41551789609e-06	
4.41551789609e-06	
0.000808039774985	
8.83103579219e-06	
4.41551789609e-06	
8.83103579219e-06	
0.00627445093035	
3.53241431688e-05	
0.00253892279025	
0.000476875932778	
2.20775894805e-05	
4.41551789609e-06	
7.50638042336e-05	
0.0005651862907	
0.000132465536883	
0.00149244504888	
0.00199581408903	
0.000816870810777	
8.83103579219e-06	
6.18172505453e-05	
3.53241431688e-05	
0.000326748324311	
8.83103579219e-06	
4.41551789609e-06	
1.32465536883e-05	
4.41551789609e-06	
4.41551789609e-06	
0.00116128120667	
0.000110387947402	
8.83103579219e-06	
0.00396513507069	
8.83103579219e-06	
4.41551789609e-06	
0.000556355254908	
0.00116128120667	
4.41551789609e-06	
0.00107297084875	
0.000843363918154	
6.62327684414e-05	
3.53241431688e-05	
4.8570696857e-05	
4.41551789609e-06	
0.00110829499192	
4.41551789609e-06	
8.83103579219e-06	
8.83103579219e-06	
2.64931073766e-05	
0.00382825401591	
0.000132465536883	
4.41551789609e-06	
0.000697651827583	
1.76620715844e-05	
3.97396610648e-05	
4.41551789609e-06	
0.0062170491977	
8.83103579219e-06	
9.2725875818e-05	
0.00275528316716	
0.000264931073766	
8.83103579219e-06	
3.97396610648e-05	
0.00227399171649	
2.20775894805e-05	
1.76620715844e-05	
8.83103579219e-06	
4.41551789609e-06	
4.8570696857e-05	
4.41551789609e-06	
1.32465536883e-05	
0.00269346591662	
3.09086252727e-05	
0.000843363918154	
3.97396610648e-05	
5.74017326492e-05	
4.41551789609e-06	
0.00617730953664	
0.00148802953098	
1.32465536883e-05	
0.00103764670558	
0.000984660490829	
4.41551789609e-06	
4.41551789609e-06	
0.00121426742143	
4.41551789609e-06	
4.41551789609e-06	
2.20775894805e-05	
0.000375319021168	
8.83103579219e-06	
0.000309086252727	
1.32465536883e-05	
4.41551789609e-06	
8.83103579219e-06	
8.83103579219e-06	
5.29862147531e-05	
3.97396610648e-05	
0.019971387444	
8.38948400258e-05	
1.76620715844e-05	
0.00377526780116	
2.64931073766e-05	
3.97396610648e-05	
0.00396955058859	
4.41551789609e-06	
0.000472460414882	
4.41551789609e-06	
4.41551789609e-06	
1.32465536883e-05	
0.000141296572675	
8.83103579219e-06	
1.32465536883e-05	
1.76620715844e-05	
1.76620715844e-05	
4.41551789609e-06	
0.000953751865556	
4.41551789609e-06	
4.41551789609e-06	
0.0022563296449	
4.41551789609e-06	
0.00131140881514	
0.00355890742425	
8.83103579219e-06	
3.53241431688e-05	
4.41551789609e-06	
0.00138205710148	
4.41551789609e-06	
1.32465536883e-05	
4.41551789609e-06	
4.41551789609e-06	
8.83103579219e-05	
6.18172505453e-05	
6.18172505453e-05	
4.41551789609e-06	
0.0138470641222	
0.000105972429506	
4.41551789609e-06	
0.000944920829764	
2.20775894805e-05	
7.50638042336e-05	
6.18172505453e-05	
4.41551789609e-06	
4.41551789609e-06	
1.32465536883e-05	
8.83103579219e-06	
8.83103579219e-06	
0.000657912166518	
4.41551789609e-06	
3.53241431688e-05	
0.000110387947402	
0.00568718705017	
8.83103579219e-06	
6.18172505453e-05	
4.41551789609e-06	
0.00134231744041	
8.83103579219e-06	
4.41551789609e-06	
4.41551789609e-06	
3.97396610648e-05	
0.00152776919205	
4.41551789609e-06	
4.41551789609e-06	
0.000980244972933	
1.76620715844e-05	
4.41551789609e-06	
0.0030467073483	
0.000370903503272	
4.41551789609e-06	
4.41551789609e-06	
2.20775894805e-05	
4.41551789609e-06	
0.00336904015472	
1.32465536883e-05	
1.32465536883e-05	
4.41551789609e-06	
1.32465536883e-05	
4.41551789609e-06	
0.000401812128545	
4.41551789609e-06	
0.00232256241335	
2.64931073766e-05	
0.00134673295831	
8.83103579219e-06	
4.41551789609e-06	
8.83103579219e-06	
8.83103579219e-06	
4.41551789609e-06	
4.41551789609e-06	
4.41551789609e-06	
0.000772715631816	
8.83103579219e-06	
4.41551789609e-06	
0.00168672783631	
0.00126725363618	
8.83103579219e-06	
3.53241431688e-05	
8.83103579219e-06	
4.41551789609e-06	
4.41551789609e-06	
8.83103579219e-06	
7.50638042336e-05	
0.00491888693625	
2.64931073766e-05	
8.83103579219e-06	
4.41551789609e-06	
8.83103579219e-06	
4.41551789609e-06	
4.41551789609e-06	
0.000132465536883	
4.41551789609e-06	
8.83103579219e-06	
4.41551789609e-06	
7.94793221297e-05	
0.000821286328673	
5.29862147531e-05	
0.00101115359821	
8.83103579219e-06	
4.41551789609e-06	
4.41551789609e-06	
4.41551789609e-06	
0.000622588023349	
0.000432720753817	
4.41551789609e-06	
4.41551789609e-06	
0.000128050018987	
8.83103579219e-06	
0.000234022448493	
0.00231814689545	
3.97396610648e-05	
0.000132465536883	
0.00358540053163	
0.00038415005696	
0.000578432844388	
4.41551789609e-06	
4.41551789609e-06	
4.41551789609e-06	
8.83103579219e-06	
4.41551789609e-06	
8.83103579219e-06	
2.20775894805e-05	
1.32465536883e-05	
1.32465536883e-05	
0.000189867269532	
4.41551789609e-06	
5.74017326492e-05	
1.32465536883e-05	
0.000185451751636	
4.41551789609e-06	
2.20775894805e-05	
8.83103579219e-06	
1.32465536883e-05	
4.41551789609e-06	
3.97396610648e-05	
4.41551789609e-06	
8.83103579219e-06	
0.00159400196049	
4.41551789609e-06	
0.00476434380989	
3.09086252727e-05	
3.97396610648e-05	
4.41551789609e-06	
4.41551789609e-06	
0.000476875932778	
0.000494538004363	
0.000635834577038	
8.83103579219e-06	
2.20775894805e-05	
0.00570926463965	
4.41551789609e-06	
7.94793221297e-05	
0.000145712090571	
8.83103579219e-06	
4.41551789609e-06	
0.00094933634766	
3.09086252727e-05	
0.000105972429506	
0.00331605393997	
7.50638042336e-05	
0.000242853484285	
0.000145712090571	
0.00268021936293	
4.41551789609e-06	
2.20775894805e-05	
4.41551789609e-06	
8.83103579219e-06	
0.000119218983195	
9.2725875818e-05	
7.94793221297e-05	
0.00121426742143	
8.83103579219e-06	
8.83103579219e-06	
0.00126725363618	
7.50638042336e-05	
0.0120367017848	
0.000105972429506	
4.41551789609e-06	
8.83103579219e-06	
2.64931073766e-05	
8.83103579219e-06	
8.83103579219e-06	
1.32465536883e-05	
0.000909596686595	
4.41551789609e-06	
0.00578432844388	
8.83103579219e-06	
5.29862147531e-05	
1.32465536883e-05	
0.000812455292881	
0.00128933122566	
4.41551789609e-06	
0.0028215159356	
8.83103579219e-06	
4.41551789609e-06	
4.41551789609e-06	
0.000105972429506	
1.32465536883e-05	
0.000914012204491	
2.20775894805e-05	
1.76620715844e-05	
0.00114803465298	
0.000547524219116	
0.00185010199846	
4.41551789609e-06	
6.18172505453e-05	
0.00216801928698	
1.76620715844e-05	
0.00269346591662	
4.41551789609e-06	
4.41551789609e-06	
0.00366929537165	
7.06482863375e-05	
0.00100673808031	
0.000459213861194	
0.000838948400258	
1.32465536883e-05	
4.41551789609e-05	
4.41551789609e-06	
4.41551789609e-06	
1.32465536883e-05	
8.83103579219e-06	
3.53241431688e-05	
0.00225191412701	
4.41551789609e-06	
0.00113920361719	
4.41551789609e-06	
4.41551789609e-06	
8.83103579219e-06	
4.41551789609e-06	
2.20775894805e-05	
1.32465536883e-05	
3.09086252727e-05	
4.41551789609e-06	
0.000238437966389	
4.41551789609e-06	
4.41551789609e-06	
1.32465536883e-05	
8.83103579219e-06	
4.41551789609e-06	
8.83103579219e-06	
4.41551789609e-06	
4.41551789609e-06	
8.83103579219e-06	
8.83103579219e-05	
1.76620715844e-05	
4.41551789609e-06	
3.09086252727e-05	
4.41551789609e-06	
4.41551789609e-06	
8.83103579219e-06	
4.41551789609e-06	
4.41551789609e-06	
0.000441551789609	
4.41551789609e-06	
0.000556355254908	
4.41551789609e-05	
9.71413937141e-05	
0.0112948947782	
7.50638042336e-05	
1.76620715844e-05	
0.000741807006544	
1.32465536883e-05	
4.41551789609e-06	
0.000410643164337	
8.83103579219e-05	
4.41551789609e-06	
4.41551789609e-06	
8.83103579219e-06	
0.00335579360103	
3.53241431688e-05	
4.41551789609e-06	
0.000794793221297	
1.32465536883e-05	
4.41551789609e-06	
3.09086252727e-05	
0.00468044896986	
1.76620715844e-05	
4.41551789609e-06	
0.00054310870122	
0.00280826938192	
0.000238437966389	
8.83103579219e-06	
0.00405786094651	
0.00233139344914	
0.000406227646441	
8.83103579219e-06	
0.0172735060095	
0.000128050018987	
4.41551789609e-06	
0.00787286840874	
4.41551789609e-06	
8.38948400258e-05	
1.32465536883e-05	
8.83103579219e-06	
4.41551789609e-06	
0.000821286328673	
4.41551789609e-06	
4.41551789609e-06	
4.41551789609e-06	
2.64931073766e-05	
4.41551789609e-06	
1.32465536883e-05	
0.000194282787428	
4.41551789609e-06	
4.41551789609e-06	
8.83103579219e-06	
1.76620715844e-05	
8.83103579219e-06	
7.06482863375e-05	
8.83103579219e-06	
4.41551789609e-06	
2.20775894805e-05	
1.32465536883e-05	
4.41551789609e-06	
0.00382825401591	
4.41551789609e-06	
4.41551789609e-06	
0.00101115359821	
0.00130257777935	
4.41551789609e-06	
8.83103579219e-06	
6.62327684414e-05	
8.83103579219e-06	
1.76620715844e-05	
0.0014703674594	
0.00352799879898	
3.09086252727e-05	
3.09086252727e-05	
4.41551789609e-05	
3.53241431688e-05	
2.20775894805e-05	
4.41551789609e-06	
3.09086252727e-05	
4.41551789609e-06	
0.00144387435202	
1.32465536883e-05	
2.20775894805e-05	
1.32465536883e-05	
5.74017326492e-05	
0.000392981092752	
5.74017326492e-05	
0.000772715631816	
1.32465536883e-05	
4.41551789609e-06	
4.41551789609e-06	
4.41551789609e-06	
4.41551789609e-06	
0.00117894327826	
2.64931073766e-05	
4.41551789609e-06	
4.41551789609e-06	
4.41551789609e-06	
2.64931073766e-05	
0.00131582433304	
0.000114803465298	
4.41551789609e-06	
0.00457889205825	
0.00207529341116	
6.18172505453e-05	
4.8570696857e-05	
0.00932115827865	
8.83103579219e-06	
5.74017326492e-05	
1.76620715844e-05	
8.83103579219e-06	
1.76620715844e-05	
8.83103579219e-06	
0.00010155691161	
4.41551789609e-06	
0.00417266441181	
4.8570696857e-05	
4.41551789609e-06	
1.32465536883e-05	
0.000812455292881	
0.00341319533368	
4.41551789609e-06	
0.00170880542579	
0.000512200075947	
4.41551789609e-06	
4.41551789609e-06	
0.00343968844106	
8.83103579219e-06	
2.20775894805e-05	
1.76620715844e-05	
4.41551789609e-06	
4.41551789609e-06	
4.8570696857e-05	
4.41551789609e-06	
4.41551789609e-06	
4.41551789609e-06	
0.00740923902965	
4.41551789609e-06	
1.32465536883e-05	
4.41551789609e-06	
8.83103579219e-06	
4.41551789609e-06	
8.83103579219e-06	
8.83103579219e-06	
4.41551789609e-06	
0.000962582901348	
0.00246827450392	
1.32465536883e-05	
0.000194282787428	
4.41551789609e-06	
8.83103579219e-06	
3.09086252727e-05	
0.0113302189214	
3.09086252727e-05	
6.18172505453e-05	
0.00272879005979	
6.18172505453e-05	
1.32465536883e-05	
3.53241431688e-05	
8.83103579219e-06	
0.000702067345479	
0.00238437966389	
1.32465536883e-05	
0.000759469078128	
4.41551789609e-06	
1.32465536883e-05	
4.41551789609e-06	
4.41551789609e-06	
0.000799208739193	
4.41551789609e-06	
4.41551789609e-06	
1.76620715844e-05	
0.00454356791508	
4.41551789609e-06	
4.41551789609e-06	
4.41551789609e-06	
8.83103579219e-06	
8.83103579219e-06	
2.20775894805e-05	
2.64931073766e-05	
4.41551789609e-06	
4.41551789609e-06	
4.41551789609e-06	
8.83103579219e-06	
4.41551789609e-06	
4.41551789609e-06	
8.83103579219e-06	
1.76620715844e-05	
0.000145712090571	
4.41551789609e-06	
2.20775894805e-05	
1.76620715844e-05	
0.000167789680052	
1.76620715844e-05	
1.76620715844e-05	
8.83103579219e-06	
4.41551789609e-06	
0.000498953522259	
0.00018103623374	
0.00110829499192	
0.00190308821322	
0.00151893815626	
3.53241431688e-05	
4.41551789609e-06	
0.000883103579219	
4.41551789609e-06	
4.41551789609e-06	
0.000189867269532	
8.83103579219e-06	
3.97396610648e-05	
1.32465536883e-05	
8.83103579219e-06	
0.00268021936293	
0.0022607451628	
3.97396610648e-05	
0.000874272543427	
0.00122751397511	
0.000295839699038	
4.41551789609e-06	
0.00116128120667	
8.83103579219e-06	
0.000287008663246	
1.32465536883e-05	
4.41551789609e-06	
1.32465536883e-05	
0.000278177627454	
4.41551789609e-06	
1.32465536883e-05	
0.000150127608467	
8.83103579219e-06	
4.41551789609e-06	
8.83103579219e-06	
1.76620715844e-05	
4.41551789609e-06	
1.32465536883e-05	
8.83103579219e-06	
0.000392981092752	
8.83103579219e-06	
4.41551789609e-06	
0.00125400708249	
1.32465536883e-05	
0.00139530365517	
4.41551789609e-06	
8.83103579219e-06	
3.53241431688e-05	
0.00108621740244	
0.000317917288519	
0.00026051555587	
4.41551789609e-06	
1.32465536883e-05	
0.000128050018987	
7.50638042336e-05	
8.38948400258e-05	
0.000207529341116	
4.41551789609e-06	
0.0022651606807	
2.64931073766e-05	
0.000119218983195	
4.41551789609e-05	
4.41551789609e-06	
0.00120543638563	
8.83103579219e-06	
4.41551789609e-06	
4.41551789609e-06	
1.32465536883e-05	
8.83103579219e-06	
4.41551789609e-06	
2.64931073766e-05	
0.00177945371213	
8.83103579219e-06	
4.41551789609e-06	
2.20775894805e-05	
0.000896350132907	
4.41551789609e-06	
4.41551789609e-06	
2.20775894805e-05	
0.0021503572154	
1.76620715844e-05	
8.83103579219e-06	
1.32465536883e-05	
6.62327684414e-05	
2.20775894805e-05	
2.20775894805e-05	
2.64931073766e-05	
8.83103579219e-06	
0.0025963245229	
0.000229606930597	
8.83103579219e-06	
0.00178386923002	
4.41551789609e-06	
8.83103579219e-06	
4.41551789609e-06	
8.83103579219e-06	
4.41551789609e-05	
4.41551789609e-06	
0.00010155691161	
4.41551789609e-06	
0.000883103579219	
5.29862147531e-05	
0.0124208518417	
8.83103579219e-06	
0.000649081130726	
4.41551789609e-06	
0.00104647774137	
4.41551789609e-06	
4.41551789609e-06	
3.09086252727e-05	
0.00131140881514	
8.83103579219e-06	
7.50638042336e-05	
4.41551789609e-06	
0.00680872859578	
1.76620715844e-05	
1.76620715844e-05	
0.000441551789609	
7.94793221297e-05	
0.00450824377191	
4.41551789609e-06	
7.50638042336e-05	
4.41551789609e-06	
4.41551789609e-06	
5.29862147531e-05	
0.00105089325927	
4.41551789609e-06	
3.53241431688e-05	
4.41551789609e-06	
4.41551789609e-06	
0.000490122486466	
1.76620715844e-05	
0.000119218983195	
0.00092725875818	
0.00912245997333	
0.000348825913791	
0.000657912166518	
3.53241431688e-05	
0.00105089325927	
0.00118777431405	
0.0018059468195	
2.64931073766e-05	
3.53241431688e-05	
0.00183243992688	
4.41551789609e-06	
8.83103579219e-06	
4.41551789609e-06	
5.29862147531e-05	
4.41551789609e-06	
4.41551789609e-06	
8.83103579219e-06	
8.83103579219e-06	
4.41551789609e-06	
7.06482863375e-05	
8.83103579219e-06	
7.06482863375e-05	
0.000167789680052	
0.00263606418397	
1.32465536883e-05	
8.83103579219e-06	
4.41551789609e-06	
0.000114803465298	
1.32465536883e-05	
0.000816870810777	
0.000119218983195	
4.41551789609e-06	
0.000719729417063	
4.41551789609e-06	
2.64931073766e-05	
4.41551789609e-06	
1.32465536883e-05	
5.74017326492e-05	
1.76620715844e-05	
0.00254333830815	
5.74017326492e-05	
0.000322332806415	
4.41551789609e-06	
4.41551789609e-06	
0.000335579360103	
0.00322332806415	
8.83103579219e-06	
0.000406227646441	
0.000887519097115	
4.41551789609e-06	
9.2725875818e-05	
0.000574017326492	
1.32465536883e-05	
4.41551789609e-06	
7.06482863375e-05	
4.41551789609e-06	
1.76620715844e-05	
4.41551789609e-06	
4.8570696857e-05	
0.00574900430071	
8.83103579219e-06	
8.83103579219e-06	
4.41551789609e-06	
4.41551789609e-06	
4.41551789609e-06	
0.00147919849519	
4.41551789609e-06	
9.2725875818e-05	
0.000900765650803	
1.32465536883e-05	
4.41551789609e-06	
0.00121426742143	
1.76620715844e-05	
4.41551789609e-06	
1.76620715844e-05	
0.000198698305324	
1.32465536883e-05	
4.41551789609e-06	
1.32465536883e-05	
3.53241431688e-05	
8.83103579219e-06	
4.41551789609e-06	
4.41551789609e-06	
4.41551789609e-06	
1.32465536883e-05	
4.41551789609e-06	
4.41551789609e-06	
8.83103579219e-06	
8.83103579219e-06	
2.64931073766e-05	
8.83103579219e-06	
8.83103579219e-05	
8.83103579219e-06	
1.32465536883e-05	
0.000401812128545	
0.000189867269532	
0.000220775894805	
4.41551789609e-06	
0.000119218983195	
8.83103579219e-06	
0.000110387947402	
4.41551789609e-06	
4.41551789609e-06	
6.18172505453e-05	
8.83103579219e-06	
1.32465536883e-05	
1.32465536883e-05	
0.00144828986992	
2.64931073766e-05	
8.83103579219e-06	
0.00036207246748	
0.00169997439	
1.76620715844e-05	
4.8570696857e-05	
4.41551789609e-06	
4.41551789609e-06	
0.00101115359821	
8.83103579219e-06	
8.83103579219e-06	
4.41551789609e-06	
0.00359423156742	
4.41551789609e-06	
1.76620715844e-05	
8.83103579219e-06	
0.00074622252444	
8.83103579219e-06	
0.000176620715844	
4.41551789609e-06	
8.83103579219e-05	
8.83103579219e-06	
4.41551789609e-06	
4.8570696857e-05	
0.000339994877999	
1.32465536883e-05	
3.09086252727e-05	
8.83103579219e-06	
4.41551789609e-06	
