4.93985723813e-06	
4.93985723813e-06	
4.93985723813e-06	
1.97594289525e-05	
4.93985723813e-06	
4.93985723813e-06	
0.00401116407736	
5.43384296194e-05	
4.93985723813e-06	
9.87971447625e-06	
0.0113567317905	
8.39775730481e-05	
4.93985723813e-06	
1.48195717144e-05	
4.93985723813e-06	
1.48195717144e-05	
0.00509793266975	
4.93985723813e-06	
7.40978585719e-05	
5.92782868575e-05	
4.93985723813e-06	
4.93985723813e-06	
4.93985723813e-06	
2.46992861906e-05	
4.93985723813e-06	
2.96391434288e-05	
1.48195717144e-05	
9.87971447625e-06	
0.00454960851631	
4.93985723813e-06	
1.48195717144e-05	
1.97594289525e-05	
4.93985723813e-06	
4.93985723813e-06	
0.000163015288858	
0.000573023439623	
2.46992861906e-05	
0.0178724034875	
0.000118556573715	
4.93985723813e-06	
4.93985723813e-06	
4.93985723813e-06	
1.48195717144e-05	
9.87971447625e-06	
4.93985723813e-06	
1.48195717144e-05	
4.93985723813e-06	
4.93985723813e-06	
6.42181440956e-05	
1.97594289525e-05	
3.45790006669e-05	
4.93985723813e-06	
4.44587151431e-05	
4.93985723813e-06	
9.87971447625e-06	
4.93985723813e-06	
0.00874848716872	
0.00015807543162	
4.93985723813e-06	
8.39775730481e-05	
2.96391434288e-05	
9.87971447625e-05	
4.93985723813e-06	
4.93985723813e-06	
4.93985723813e-06	
4.93985723813e-06	
4.93985723813e-06	
4.93985723813e-06	
9.87971447625e-06	
0.00740484599995	
0.000113616716477	
4.93985723813e-06	
9.87971447625e-06	
4.93985723813e-06	
0.00708375527947	
4.93985723813e-06	
1.48195717144e-05	
1.97594289525e-05	
4.93985723813e-06	
5.92782868575e-05	
9.87971447625e-06	
1.48195717144e-05	
4.93985723813e-06	
0.00174376960506	
4.93985723813e-06	
1.48195717144e-05	
2.46992861906e-05	
0.000177834860573	
1.48195717144e-05	
9.87971447625e-06	
9.87971447625e-06	
4.93985723813e-06	
4.93985723813e-06	
2.46992861906e-05	
9.87971447625e-06	
5.92782868575e-05	
1.48195717144e-05	
4.93985723813e-06	
4.93985723813e-06	
3.45790006669e-05	
4.93985723813e-06	
4.93985723813e-06	
4.93985723813e-06	
4.93985723813e-06	
0.000582903154099	
1.48195717144e-05	
0.000261812433621	
9.87971447625e-06	
0.0139254575543	
1.48195717144e-05	
2.96391434288e-05	
0.0227184034381	
2.46992861906e-05	
4.93985723813e-06	
6.42181440956e-05	
0.0356904685455	
0.000133376145429	
0.00114604687925	
4.93985723813e-06	
4.93985723813e-06	
4.93985723813e-06	
7.40978585719e-05	
4.93985723813e-05	
9.87971447625e-05	
4.93985723813e-06	
4.93985723813e-06	
0.00202534146763	
1.48195717144e-05	
1.48195717144e-05	
1.48195717144e-05	
4.93985723813e-06	
0.00121520488058	
0.0013090621681	
4.93985723813e-06	
7.903771581e-05	
1.48195717144e-05	
4.93985723813e-06	
1.97594289525e-05	
4.93985723813e-06	
4.93985723813e-06	
0.000118556573715	
4.93985723813e-06	
4.93985723813e-06	
4.93985723813e-06	
2.96391434288e-05	
9.87971447625e-06	
0.00146219774249	
4.93985723813e-06	
4.44587151431e-05	
1.97594289525e-05	
0.000345790006669	
0.000177834860573	
1.48195717144e-05	
4.93985723813e-06	
4.44587151431e-05	
4.93985723813e-06	
0.0167757551807	
4.93985723813e-06	
4.93985723813e-06	
3.9518857905e-05	
4.93985723813e-06	
4.93985723813e-06	
1.48195717144e-05	
9.87971447625e-06	
0.00569071553832	
5.92782868575e-05	
9.87971447625e-06	
6.42181440956e-05	
4.93985723813e-06	
0.000518685010003	
1.48195717144e-05	
9.87971447625e-06	
2.46992861906e-05	
4.93985723813e-06	
0.00256378590659	
3.45790006669e-05	
4.93985723813e-06	
2.96391434288e-05	
0.00849655444958	
4.93985723813e-06	
4.93985723813e-06	
1.48195717144e-05	
4.93985723813e-06	
5.92782868575e-05	
1.48195717144e-05	
1.48195717144e-05	
4.93985723813e-06	
6.91580013338e-05	
4.93985723813e-06	
4.93985723813e-06	
1.48195717144e-05	
8.39775730481e-05	
9.87971447625e-06	
4.93985723813e-06	
4.93985723813e-06	
0.000217353718478	
0.00015807543162	
4.93985723813e-06	
0.000143255859906	
1.48195717144e-05	
0.0277274186776	
4.93985723813e-06	
4.93985723813e-06	
9.87971447625e-06	
1.48195717144e-05	
0.00237607133154	
4.93985723813e-06	
0.00107194902067	
4.93985723813e-06	
0.000810136587053	
0.000251932719144	
4.93985723813e-06	
9.87971447625e-06	
1.48195717144e-05	
4.93985723813e-06	
4.93985723813e-06	
4.93985723813e-06	
4.93985723813e-06	
4.93985723813e-06	
0.000380369007336	
1.97594289525e-05	
0.000123496430953	
9.87971447625e-06	
9.87971447625e-06	
4.93985723813e-06	
1.97594289525e-05	
9.87971447625e-06	
4.93985723813e-06	
4.93985723813e-06	
0.00118062587991	
3.45790006669e-05	
1.97594289525e-05	
4.93985723813e-06	
4.93985723813e-06	
1.48195717144e-05	
9.87971447625e-06	
9.87971447625e-06	
1.48195717144e-05	
1.97594289525e-05	
4.93985723813e-06	
4.93985723813e-06	
9.87971447625e-06	
8.39775730481e-05	
3.9518857905e-05	
0.015516091585	
2.96391434288e-05	
5.92782868575e-05	
4.93985723813e-06	
0.00770123743424	
4.93985723813e-06	
4.93985723813e-06	
1.97594289525e-05	
4.93985723813e-06	
0.0104181589152	
0.000340850149431	
4.93985723813e-06	
0.0130313433942	
1.48195717144e-05	
4.93985723813e-06	
1.48195717144e-05	
4.93985723813e-06	
4.93985723813e-06	
4.93985723813e-06	
4.93985723813e-06	
9.87971447625e-06	
4.93985723813e-06	
1.48195717144e-05	
0.000123496430953	
0.0122310865216	
2.96391434288e-05	
9.87971447625e-06	
4.93985723813e-06	
2.46992861906e-05	
2.46992861906e-05	
4.93985723813e-05	
4.93985723813e-06	
9.87971447625e-06	
4.93985723813e-06	
4.93985723813e-06	
2.46992861906e-05	
9.87971447625e-06	
1.97594289525e-05	
5.92782868575e-05	
8.89174302863e-05	
9.87971447625e-06	
9.87971447625e-06	
4.93985723813e-06	
4.93985723813e-06	
1.97594289525e-05	
4.93985723813e-06	
4.93985723813e-06	
1.48195717144e-05	
2.46992861906e-05	
2.96391434288e-05	
4.93985723813e-06	
0.000444587151431	
1.48195717144e-05	
3.45790006669e-05	
9.87971447625e-06	
4.93985723813e-05	
0.000163015288858	
4.93985723813e-06	
4.93985723813e-06	
9.87971447625e-06	
9.87971447625e-06	
2.96391434288e-05	
1.48195717144e-05	
9.87971447625e-06	
4.93985723813e-06	
4.93985723813e-06	
9.87971447625e-06	
9.87971447625e-06	
4.93985723813e-06	
1.97594289525e-05	
4.93985723813e-06	
9.87971447625e-06	
4.93985723813e-06	
1.48195717144e-05	
4.93985723813e-06	
4.93985723813e-06	
9.87971447625e-06	
4.93985723813e-06	
9.87971447625e-06	
3.45790006669e-05	
9.87971447625e-06	
4.93985723813e-06	
4.93985723813e-06	
4.93985723813e-06	
4.93985723813e-06	
1.48195717144e-05	
9.87971447625e-06	
4.93985723813e-06	
0.0115790253662	
4.93985723813e-06	
2.46992861906e-05	
4.93985723813e-06	
4.93985723813e-06	
9.87971447625e-06	
9.87971447625e-06	
4.93985723813e-06	
4.93985723813e-06	
4.44587151431e-05	
9.87971447625e-06	
1.97594289525e-05	
1.48195717144e-05	
1.48195717144e-05	
4.93985723813e-06	
1.97594289525e-05	
0.00023711314743	
4.93985723813e-06	
1.97594289525e-05	
1.48195717144e-05	
9.87971447625e-06	
4.93985723813e-06	
9.87971447625e-06	
9.87971447625e-06	
4.93985723813e-06	
0.0117321609405	
3.45790006669e-05	
9.87971447625e-06	
9.87971447625e-06	
2.46992861906e-05	
0.0085904117371	
0.000103737002001	
3.9518857905e-05	
0.00588336997061	
8.89174302863e-05	
2.96391434288e-05	
0.0121668683775	
9.87971447625e-05	
9.87971447625e-06	
0.000429767579717	
0.000854595302196	
4.93985723813e-06	
4.93985723813e-06	
4.93985723813e-06	
4.93985723813e-06	
9.87971447625e-06	
4.93985723813e-06	
0.000498925581051	
9.87971447625e-06	
4.93985723813e-06	
0.000103737002001	
0.00334428335021	
4.93985723813e-06	
0.000103737002001	
0.00430755551165	
0.000884234445625	
4.93985723813e-06	
3.45790006669e-05	
4.93985723813e-06	
0.00156593474449	
1.48195717144e-05	
4.93985723813e-06	
5.43384296194e-05	
4.93985723813e-06	
9.87971447625e-06	
4.93985723813e-06	
4.93985723813e-06	
4.93985723813e-06	
4.93985723813e-06	
4.93985723813e-06	
4.93985723813e-06	
4.93985723813e-06	
0.00323560649097	
1.48195717144e-05	
9.87971447625e-06	
9.87971447625e-06	
4.93985723813e-06	
3.45790006669e-05	
4.93985723813e-06	
4.93985723813e-06	
0.0107343097784	
9.87971447625e-06	
0.000874354731148	
5.43384296194e-05	
9.87971447625e-06	
4.93985723813e-06	
1.48195717144e-05	
4.93985723813e-06	
4.93985723813e-06	
4.93985723813e-06	
0.0169140711833	
1.48195717144e-05	
4.93985723813e-06	
4.93985723813e-06	
9.87971447625e-06	
4.93985723813e-06	
0.00119050559439	
4.93985723813e-06	
4.93985723813e-06	
9.87971447625e-06	
0.00686640156099	
4.93985723813e-06	
1.97594289525e-05	
9.87971447625e-06	
4.93985723813e-06	
2.96391434288e-05	
9.87971447625e-06	
4.93985723813e-06	
1.97594289525e-05	
9.38572875244e-05	
4.44587151431e-05	
9.87971447625e-06	
4.93985723813e-06	
1.48195717144e-05	
6.91580013338e-05	
4.93985723813e-06	
4.93985723813e-06	
1.48195717144e-05	
3.45790006669e-05	
0.000493985723813	
4.93985723813e-06	
9.87971447625e-06	
1.48195717144e-05	
4.93985723813e-06	
9.87971447625e-05	
9.87971447625e-06	
4.93985723813e-06	
4.93985723813e-06	
4.93985723813e-06	
1.48195717144e-05	
4.93985723813e-06	
0.00023711314743	
4.93985723813e-06	
9.87971447625e-06	
9.87971447625e-06	
1.97594289525e-05	
0.0018524464643	
4.93985723813e-06	
9.87971447625e-06	
0.00557709882184	
0.00400128436288	
9.87971447625e-06	
2.46992861906e-05	
2.46992861906e-05	
3.45790006669e-05	
1.97594289525e-05	
3.45790006669e-05	
3.45790006669e-05	
4.93985723813e-05	
4.93985723813e-06	
0.000148195717144	
4.93985723813e-06	
1.48195717144e-05	
9.87971447625e-06	
0.000291451577049	
0.00747894385852	
4.93985723813e-06	
8.39775730481e-05	
9.87971447625e-06	
4.93985723813e-06	
4.93985723813e-06	
4.93985723813e-06	
1.48195717144e-05	
4.93985723813e-06	
4.93985723813e-06	
1.48195717144e-05	
1.48195717144e-05	
4.44587151431e-05	
9.87971447625e-06	
4.93985723813e-06	
4.93985723813e-06	
9.87971447625e-06	
9.87971447625e-06	
4.93985723813e-06	
1.48195717144e-05	
4.93985723813e-06	
4.93985723813e-06	
4.93985723813e-06	
9.87971447625e-06	
4.93985723813e-06	
1.48195717144e-05	
0.00307753105935	
2.96391434288e-05	
1.97594289525e-05	
1.48195717144e-05	
9.87971447625e-06	
4.93985723813e-06	
0.00327018549164	
4.93985723813e-06	
4.93985723813e-06	
4.93985723813e-06	
4.93985723813e-06	
4.93985723813e-06	
9.87971447625e-06	
4.93985723813e-06	
4.93985723813e-06	
0.000133376145429	
1.48195717144e-05	
4.93985723813e-06	
4.93985723813e-05	
0.00747400400128	
0.00746412428681	
9.87971447625e-06	
0.000153135574382	
4.93985723813e-06	
7.40978585719e-05	
0.000800256872576	
0.00944006718206	
0.0176995084842	
0.00773087657767	
9.87971447625e-06	
1.48195717144e-05	
0.000148195717144	
0.00809642601329	
4.93985723813e-06	
0.0148887297157	
1.48195717144e-05	
4.93985723813e-06	
1.48195717144e-05	
8.89174302863e-05	
1.48195717144e-05	
0.00820016301529	
6.42181440956e-05	
4.93985723813e-06	
4.93985723813e-06	
4.93985723813e-05	
1.97594289525e-05	
1.97594289525e-05	
0.000740978585719	
4.44587151431e-05	
4.93985723813e-06	
2.96391434288e-05	
1.48195717144e-05	
4.93985723813e-06	
4.93985723813e-06	
1.97594289525e-05	
1.97594289525e-05	
9.87971447625e-06	
4.93985723813e-06	
1.48195717144e-05	
0.00205498061106	
4.93985723813e-06	
9.87971447625e-06	
4.93985723813e-06	
9.87971447625e-06	
4.93985723813e-06	
4.93985723813e-06	
0.00342826092326	
3.9518857905e-05	
0.0121471089486	
2.96391434288e-05	
1.97594289525e-05	
0.000251932719144	
4.93985723813e-06	
4.93985723813e-06	
7.903771581e-05	
0.000543384296194	
4.93985723813e-06	
3.9518857905e-05	
3.9518857905e-05	
4.93985723813e-06	
3.9518857905e-05	
4.93985723813e-06	
0.000666880727147	
3.45790006669e-05	
4.93985723813e-06	
4.93985723813e-06	
1.48195717144e-05	
4.93985723813e-06	
4.93985723813e-06	
0.000627361869242	
4.93985723813e-06	
2.96391434288e-05	
0.000987971447625	
2.46992861906e-05	
4.93985723813e-06	
4.93985723813e-06	
4.93985723813e-06	
4.93985723813e-06	
4.93985723813e-06	
4.93985723813e-06	
9.87971447625e-06	
9.87971447625e-06	
4.93985723813e-06	
9.38572875244e-05	
4.93985723813e-06	
0.00181786746363	
4.93985723813e-06	
1.48195717144e-05	
4.93985723813e-06	
2.46992861906e-05	
4.93985723813e-06	
4.93985723813e-06	
4.93985723813e-06	
4.93985723813e-06	
5.43384296194e-05	
4.93985723813e-06	
3.45790006669e-05	
2.46992861906e-05	
4.93985723813e-06	
4.93985723813e-06	
9.87971447625e-06	
0.00619458097661	
4.93985723813e-06	
2.46992861906e-05	
4.93985723813e-06	
4.44587151431e-05	
4.44587151431e-05	
6.91580013338e-05	
4.93985723813e-06	
4.93985723813e-06	
4.93985723813e-06	
4.93985723813e-06	
2.46992861906e-05	
4.44587151431e-05	
7.903771581e-05	
8.39775730481e-05	
0.0138266604095	
3.45790006669e-05	
7.40978585719e-05	
1.48195717144e-05	
0.00152641588658	
4.93985723813e-06	
1.48195717144e-05	
4.93985723813e-06	
0.00735050757033	
1.48195717144e-05	
9.87971447625e-06	
3.9518857905e-05	
4.93985723813e-06	
4.93985723813e-06	
4.93985723813e-06	
4.93985723813e-06	
1.48195717144e-05	
1.48195717144e-05	
8.39775730481e-05	
0.0052609479586	
0.000607602440289	
1.97594289525e-05	
4.93985723813e-05	
0.000321090720478	
9.87971447625e-06	
4.93985723813e-06	
0.000424827722479	
4.93985723813e-06	
2.96391434288e-05	
0.00590312939956	
3.9518857905e-05	
4.93985723813e-06	
4.93985723813e-06	
1.48195717144e-05	
0.0011658063082	
0.000563143725146	
0.00711833428014	
6.42181440956e-05	
3.9518857905e-05	
2.46992861906e-05	
4.93985723813e-06	
0.000192654432287	
4.93985723813e-06	
1.97594289525e-05	
1.97594289525e-05	
2.46992861906e-05	
6.42181440956e-05	
1.48195717144e-05	
3.45790006669e-05	
4.93985723813e-06	
0.00092375330353	
4.93985723813e-06	
4.93985723813e-06	
0.000217353718478	
0.0121224096624	
1.48195717144e-05	
0.00830390001729	
0.000103737002001	
0.00319114777583	
0.000449527008669	
0.00287005705535	
9.87971447625e-06	
2.46992861906e-05	
4.93985723813e-05	
4.93985723813e-06	
1.97594289525e-05	
4.93985723813e-06	
0.000113616716477	
4.93985723813e-06	
4.93985723813e-05	
1.97594289525e-05	
4.93985723813e-06	
4.93985723813e-06	
1.97594289525e-05	
4.93985723813e-06	
4.93985723813e-06	
3.45790006669e-05	
4.93985723813e-05	
0.00111640773582	
9.87971447625e-06	
4.93985723813e-06	
9.87971447625e-06	
1.48195717144e-05	
6.91580013338e-05	
9.87971447625e-06	
0.000123496430953	
0.00489045866574	
4.93985723813e-06	
0.00751352285919	
4.93985723813e-06	
1.48195717144e-05	
4.93985723813e-06	
4.93985723813e-06	
1.48195717144e-05	
2.46992861906e-05	
4.93985723813e-06	
1.48195717144e-05	
3.9518857905e-05	
4.93985723813e-06	
4.93985723813e-06	
4.93985723813e-06	
0.0216316348458	
4.93985723813e-06	
0.000177834860573	
4.93985723813e-06	
2.96391434288e-05	
4.93985723813e-05	
0.000172895003334	
2.46992861906e-05	
1.48195717144e-05	
4.93985723813e-06	
4.93985723813e-06	
2.96391434288e-05	
8.89174302863e-05	
0.00509299281251	
4.93985723813e-06	
1.48195717144e-05	
9.87971447625e-06	
4.93985723813e-06	
0.000113616716477	
0.0299849334354	
3.45790006669e-05	
4.93985723813e-06	
4.93985723813e-06	
0.000390248721812	
1.97594289525e-05	
4.93985723813e-06	
1.48195717144e-05	
4.93985723813e-06	
4.93985723813e-06	
4.93985723813e-06	
0.000182774717811	
1.97594289525e-05	
7.40978585719e-05	
0.00997851162101	
5.92782868575e-05	
9.87971447625e-06	
9.87971447625e-06	
4.93985723813e-06	
4.93985723813e-06	
4.93985723813e-06	
4.93985723813e-06	
9.87971447625e-06	
4.93985723813e-06	
1.48195717144e-05	
4.93985723813e-06	
4.93985723813e-06	
4.93985723813e-06	
0.0156099488725	
1.97594289525e-05	
4.93985723813e-05	
4.93985723813e-06	
1.48195717144e-05	
9.87971447625e-06	
1.97594289525e-05	
5.43384296194e-05	
4.93985723813e-06	
3.45790006669e-05	
7.903771581e-05	
9.87971447625e-06	
9.87971447625e-06	
5.43384296194e-05	
0.011638303653	
4.93985723813e-06	
0.0020599204683	
4.93985723813e-06	
3.45790006669e-05	
1.48195717144e-05	
5.92782868575e-05	
9.87971447625e-06	
0.000780497443624	
4.93985723813e-06	
1.48195717144e-05	
4.93985723813e-06	
4.93985723813e-06	
0.00926223232149	
4.93985723813e-05	
4.93985723813e-06	
4.93985723813e-06	
4.93985723813e-06	
4.93985723813e-06	
0.00510781238422	
0.0169980487564	
4.93985723813e-06	
4.93985723813e-06	
7.903771581e-05	
0.00184256674982	
7.40978585719e-05	
9.87971447625e-06	
7.903771581e-05	
4.93985723813e-06	
4.93985723813e-06	
0.000380369007336	
2.46992861906e-05	
0.00377899078717	
4.93985723813e-06	
3.45790006669e-05	
4.93985723813e-06	
2.96391434288e-05	
5.43384296194e-05	
3.9518857905e-05	
3.45790006669e-05	
4.93985723813e-06	
0.00802232815472	
0.00876824659767	
0.00186232617877	
4.93985723813e-06	
0.000360609578383	
4.93985723813e-06	
9.87971447625e-06	
0.000123496430953	
4.93985723813e-06	
4.93985723813e-06	
9.87971447625e-06	
1.48195717144e-05	
2.46992861906e-05	
1.97594289525e-05	
1.48195717144e-05	
9.87971447625e-06	
2.96391434288e-05	
9.87971447625e-06	
0.000864475016672	
1.97594289525e-05	
4.93985723813e-06	
0.00392224664707	
4.93985723813e-06	
0.0110208214983	
4.93985723813e-06	
4.93985723813e-06	
2.46992861906e-05	
9.87971447625e-06	
9.87971447625e-06	
4.93985723813e-06	
4.93985723813e-06	
0.0014770173142	
4.93985723813e-06	
1.48195717144e-05	
1.97594289525e-05	
0.00163509274582	
9.87971447625e-06	
4.93985723813e-06	
0.000597722725813	
2.96391434288e-05	
4.93985723813e-06	
3.45790006669e-05	
9.87971447625e-06	
1.97594289525e-05	
0.000899054017339	
4.93985723813e-06	
1.48195717144e-05	
4.93985723813e-06	
6.91580013338e-05	
1.48195717144e-05	
4.93985723813e-06	
4.93985723813e-06	
4.93985723813e-06	
8.39775730481e-05	
9.38572875244e-05	
0.000113616716477	
4.93985723813e-06	
5.43384296194e-05	
0.0336453676489	
9.87971447625e-06	
9.87971447625e-06	
5.92782868575e-05	
4.93985723813e-06	
4.93985723813e-06	
3.9518857905e-05	
7.40978585719e-05	
4.93985723813e-06	
1.97594289525e-05	
0.0218983871366	
5.43384296194e-05	
0.00160545360239	
0.00586361054166	
0.000271692148097	
2.46992861906e-05	
9.87971447625e-06	
2.96391434288e-05	
1.48195717144e-05	
9.87971447625e-06	
1.48195717144e-05	
4.93985723813e-06	
2.96391434288e-05	
0.0233111863067	
1.97594289525e-05	
4.93985723813e-06	
4.93985723813e-05	
9.87971447625e-06	
6.91580013338e-05	
0.00655519055499	
6.91580013338e-05	
4.93985723813e-05	
4.93985723813e-06	
4.93985723813e-06	
4.93985723813e-06	
4.93985723813e-06	
0.000390248721812	
0.000207474004001	
4.93985723813e-06	
4.93985723813e-06	
1.97594289525e-05	
0.0058043322548	
3.9518857905e-05	
9.87971447625e-06	
1.48195717144e-05	
4.93985723813e-06	
8.39775730481e-05	
0.0110060019265	
0.00250450761973	
0.000133376145429	
4.93985723813e-06	
1.97594289525e-05	
4.44587151431e-05	
0.000133376145429	
4.93985723813e-06	
1.48195717144e-05	
4.93985723813e-06	
0.000138316002668	
3.9518857905e-05	
0.0185392842147	
4.93985723813e-06	
4.93985723813e-06	
4.93985723813e-06	
0.00930669103663	
0.00730604885519	
9.87971447625e-05	
1.48195717144e-05	
4.93985723813e-06	
7.40978585719e-05	
1.97594289525e-05	
4.93985723813e-06	
6.42181440956e-05	
4.44587151431e-05	
4.93985723813e-06	
4.93985723813e-06	
0.000301331291526	
6.42181440956e-05	
0.039538617334	
0.000128436288191	
4.93985723813e-06	
9.87971447625e-06	
4.93985723813e-06	
4.93985723813e-06	
1.97594289525e-05	
9.87971447625e-06	
0.00100279101934	
9.87971447625e-06	
0.00243040976116	
0.0109022649245	
2.96391434288e-05	
9.87971447625e-06	
0.000103737002001	
2.46992861906e-05	
5.92782868575e-05	
0.015288858152	
